https://powcoder.com
代写代考加微信 powcoder
Assignment Project Exam Help
Add WeChat powcoder
https://powcoder.com
代写代考加微信 powcoder
Assignment Project Exam Help
Add WeChat powcoder
120
6
34
13
4
7
5
93
6
4
5
125
7
4
4
5
4
7
6
8
125
9
10
18
113
7
13
8
5
66
13
86
4
9
7
95
24
42
17
46
76
7
17
84
27
8
41
81
51
8
3
4
13
16
107
6
4
4
121
4
5
3
4
7
4
7
122
78
11
5
4
4
147
17
17
42
73
7
6
4
9
40
33
156
29
59
6
4
68
11
110
7
6
13
71
9
11
12
15
151
10
4
4
5
24
111
56
7
14
10
72
83
4
27
41
18
84
86
19
9
21
10
6
103
14
9
7
6
6
138
11
8
4
13
16
85
5
11
153
13
4
3
3
3
13
5
183
29
6
11
68
104
6
4
24
111
5
9
50
20
6
5
20
86
18
7
71
19
15
8
8
4
7
7
100
4
6
9
9
7
97
14
7
6
4
5
112
8
46
5
5
7
23
13
13
100
26
11
16
107
7
9
4
7
20
88
6
19
79
105
4
45
9
4
4
8
4
5
78
15
92
21
5
17
92
4
4
5
4
12
12
5
140
4
3
4
4
3
4
102
27
131
26
4
4
3
4
4
12
98
3
6
4
5
110
15
18
83
6
4
4
4
4
9
11
91
5
11
123
57
4
3
3
3
5
10
159
17
44
5
4
3
6
6
51
33
9
8
116
20
15
107
8
6
40
64
6
138
3
4
4
3
6
8
112
4
5
17
9
190
10
70
95
5
7
17
32
7
110
8
4
5
9
33
113
6
8
93
6
5
10
39
87
30
5
112
13
29
9
78
11
9
9
5
6
76
43
7
18
101
13
15
19
6
6
101
6
8
49
96
18
7
101
8
12
24
4
8
27
99
27
7
88
61
11
11
4
6
6
101
20
15
10
112
6
74
63
6
32
124
5
6
8
6
11
11
105
43
13
10
80
63
46
53
12
28
78
11
81
10
6
115
9
4
11
9
4
5
6
104
4
7
6
85
33
28
48
13
39
29
80
7
82
49
10
6
6
96
9
4
3
10
92
136
10
13
5
5
26
14
88
6
10
14
160
12
15
11
6
71
101
6
6
18
5
14
101
46
17
5
3
5
2
4
3
2
5
12
106
6
10
5
10
6
29
116
17
53
6
72
61
11
26
5
5
12
3
4
4
117
19
21
77
149
4
6
4
7
5
6
3
9
16
91
8
5
7
6
38
93
12
66
8
10
4
5
5
89
20
34
5
8
94
6
4
8
84
8
8
106
10
8
5
13
65
55
7
107
15
11
50
4
21
50
7
9
12
130
5
10
25
11
12
139
6
3
4
4
3
5
10
5
131
6
7
5
6
86
76
6
68
8
17
109
12
4
6
9
4
4
8
5
6
158
23
10
5
4
6
4
3
123
6
10
18
71
8
19
6
66
52
4
4
8
18
12
128
7
8
6
5
4
100
27
89
6
22
12
62
72
16
10
8
5
4
4
5
173
18
4
24
5
169
5
13
4
4
5
11
160
53
10
5
26
23
39
71
8
7
9
80
5
14
33
5
133
11
14
5
7
75
19
7
17
35
115
7
69
7
61
76
5
4
7
5
6
6
8
102
16
5
13
25
94
4
4
28
67
34
12
79
92
6
16
10
58
90
14
14
26
6
45
58
42
25
5
72
19
60
36
22
72
16
4
9
117
10
4
63
63
7
5
3
3
3
4
8
134
79
5
4
2
3
10
11
32
6
76
15
3
110
9
90
14
11
77
7
8
6
76
57
6
71
9
43
9
112
4
6
5
3
7
105
66
11
4
3
3
4
91
9
13
86
17
4
6
22
83
6
63
77
30
5
3
5
4
4
110
7
8
39
10
10
47
8
63
4
4
4
5
115
11
13
26
11
103
71
5
5
7
4
7
14
82
5
7
53
124
45
12
6
40
58
99
5
4
4
4
4
5
89
44
29
75
5
4
11
5
6
91
11
7
8
7
110
12
51
7
95
6
23
4
16
63
42
15
76
105
23
5
6
4
6
6
141
13
5
5
3
6
23
142
6
5
56
8
20
111
11
54
67
35
7
8
5
119
5
5
24
7
4
13
105
74
31
6
49
9
19
14
5
12
122
7
7
15
3
4
4
10
6
94
15
29
37
13
7
90
99
13
33
8
30
5
124
7
5
4
3
10
6
6
6
145
3
4
12
10
101
36
8
32
8
42
122
4
3
5
95
24
3
3
3
3
9
8
92
14
119
14
71
96
